1.7862
1.5034
0.6876
0.5487
1.1474
0.6412
0.8088
0.4415
0.2609
2.0301
1.7008
0.7656
1.0105
0.4211
0.9797
0.9437
0.5368
1.9514
1.5587
0.5288
0.2723
0.6654
1.6861
1.1829
0.5397
1.4449
0.2399
1.3318
1.0774
1.2421
0.4245
1.5361
3.4095
1.7324
0.8311
1.0641
1.6827
1.1421
2.4034
1.3252
1.0268
0.5660
0.6992
1.1441
0.8351
0.9826
0.8390
0.7410
1.1560
1.3994
0.7522
1.2350
0.5630
0.8209
1.1347
1.3164
0.3529
0.4219
1.4311
0.4236
0.7960
0.5380
1.7920
1.2321
1.8328
0.7094
1.1860
1.3555
0.5089
2.4943
1.2520
0.8378
1.1527
1.2570
0.3001
1.1604
0.9786
0.6158
1.2131
0.5636
0.6701
1.2276
0.6115
0.5902
0.9189
0.0674
1.2636
0.2147
0.5149
0.5112
1.9368
0.3335
2.3949
0.7131
1.8794
1.1017
0.9301
0.4140
1.5354
0.3420
1.0868
2.0082
0.6412
2.5202
0.2617
1.4781
1.2463
1.3000
1.9380
1.6056
1.0654
0.4987
1.2493
0.8126
0.7364
1.4046
0.7496
0.4347
1.5770
1.3055
0.8677
1.1249
0.8151
1.2571
1.7944
1.2736
0.9228
0.8834
0.7802
-0.0069
1.3841
1.0783
1.4120
1.4387
1.4306
2.5235
0.7948
1.1270
0.4510
0.5579
-0.1628
2.5273
0.8577
0.6298
0.5829
1.5243
0.6876
2.0954
1.2168
0.5272
0.7463
1.0184
0.9377
1.0576
0.5113
0.5083
1.1438
2.4309
0.7825
0.7480
0.7009
0.0804
1.0247
1.4837
0.2974
1.6928
0.6759
1.8213
1.5962
1.2351
1.6316
0.6259
2.0503
0.8274
1.0459
0.7938
0.7560
1.6060
1.1469
2.0861
0.5949
0.8967
0.7737
1.9467
0.2154
1.4848
1.4726
1.8008
0.8801
0.9738
1.5904
1.2459
0.6549
1.1464
0.3755
1.2466
0.9919
2.1446
1.4533
1.0654
